marker	sequence	flags	total	total_mp_sum	total_mp_max	forward_pct	forward	forward_mp_sum	forward_mp_max	reverse	reverse_mp_sum	reverse_mp_max	variant_frequency
mtNG_001	A73G	allele	528	96.2	100.	100.	528	96.2	100.	0	0.00	0.00	96.2
mtNG_002	T199C	allele	1571	96.3	100.	100.	1571	96.3	100.	0	0.00	0.00	96.3
mtNG_002	T204C	allele	1571	96.3	100.	100.	1571	96.3	100.	0	0.00	0.00	96.3
mtNG_002	T250C	allele	1571	96.3	100.	100.	1571	96.3	100.	0	0.00	0.00	96.3
mtNG_002	A263G	allele	1571	96.3	100.	100.	1571	96.3	100.	0	0.00	0.00	96.3
mtNG_003	A263G	allele	43	89.6	100.	100.	43	89.6	100.	0	0.00	0.00	89.6
mtNG_003	309.1C	allele	43	89.6	100.	100.	43	89.6	100.	0	0.00	0.00	89.6
mtNG_003	315.1C	allele	43	89.6	100.	100.	43	89.6	100.	0	0.00	0.00	89.6
mtNG_006	573.1C		25	31.2	100.	100.	25	31.2	100.	0	0.00	0.00	31.2
mtNG_006	573.2C		25	31.2	100.	100.	25	31.2	100.	0	0.00	0.00	31.2
mtNG_006	573.3C		25	31.2	100.	100.	25	31.2	100.	0	0.00	0.00	31.2
mtNG_006	A750G		25	31.2	100.	100.	25	31.2	100.	0	0.00	0.00	31.2
mtNG_006	573.1C		23	28.7	92.0	100.	23	28.7	92.0	0	0.00	0.00	28.7
mtNG_006	573.2C		23	28.7	92.0	100.	23	28.7	92.0	0	0.00	0.00	28.7
mtNG_006	573.3C		23	28.7	92.0	100.	23	28.7	92.0	0	0.00	0.00	28.7
mtNG_006	573.4C		23	28.7	92.0	100.	23	28.7	92.0	0	0.00	0.00	28.7
mtNG_006	A750G		23	28.7	92.0	100.	23	28.7	92.0	0	0.00	0.00	28.7
mtNG_006	A574C		10	12.5	40.0	100.	10	12.5	40.0	0	0.00	0.00	12.5
mtNG_006	575.1C		10	12.5	40.0	100.	10	12.5	40.0	0	0.00	0.00	12.5
mtNG_006	575.2C		10	12.5	40.0	100.	10	12.5	40.0	0	0.00	0.00	12.5
mtNG_006	575.3C		10	12.5	40.0	100.	10	12.5	40.0	0	0.00	0.00	12.5
mtNG_006	575.4C		10	12.5	40.0	100.	10	12.5	40.0	0	0.00	0.00	12.5
mtNG_006	A750G		10	12.5	40.0	100.	10	12.5	40.0	0	0.00	0.00	12.5
mtNG_010	A1438G	allele	1597	94.8	100.	100.	1597	94.8	100.	0	0.00	0.00	94.8
mtNG_011	A1438G	allele	974	95.5	100.	100.	974	95.5	100.	0	0.00	0.00	95.5
mtNG_012	G1719A	allele	4012	94.1	100.	100.	4012	94.1	100.	0	0.00	0.00	94.1
mtNG_019	A2706G	allele	2194	94.9	100.	100.	2194	94.9	100.	0	0.00	0.00	94.9
mtNG_023	A3447C	allele	31	11.4	53.4	100.	31	11.4	53.4	0	0.00	0.00	11.4
mtNG_029	A4529T	allele	3667	93.7	100.	100.	3667	93.7	100.	0	0.00	0.00	93.7
mtNG_030	A4529T	allele	593	94.4	100.	100.	593	94.4	100.	0	0.00	0.00	94.4
mtNG_031	A4769G	allele	1030	91.8	100.	100.	1030	91.8	100.	0	0.00	0.00	91.8
mtNG_040	A6419C	allele	302	11.5	13.9	100.	302	11.5	13.9	0	0.00	0.00	11.5
mtNG_044	C7028T	allele	2986	93.8	100.	100.	2986	93.8	100.	0	0.00	0.00	93.8
mtNG_051	G8251A	allele	1492	92.9	100.	100.	1492	92.9	100.	0	0.00	0.00	92.9
mtNG_052	G8519A	allele	3655	94.1	100.	100.	3655	94.1	100.	0	0.00	0.00	94.1
mtNG_054	A8860G	allele	1845	90.2	100.	100.	1845	90.2	100.	0	0.00	0.00	90.2
mtNG_061	T10034C	allele	1009	94.2	100.	100.	1009	94.2	100.	0	0.00	0.00	94.2
mtNG_062	T10238C	allele	2865	93.2	100.	100.	2865	93.2	100.	0	0.00	0.00	93.2
mtNG_063	T10238C	allele	2938	92.5	100.	100.	2938	92.5	100.	0	0.00	0.00	92.5
mtNG_063	A10398G	allele	2938	92.5	100.	100.	2938	92.5	100.	0	0.00	0.00	92.5
mtNG_066	A10819G	allele	1315	93.0	100.	100.	1315	93.0	100.	0	0.00	0.00	93.0
mtNG_071	G11719A	allele	1680	95.0	100.	100.	1680	95.0	100.	0	0.00	0.00	95.0
mtNG_075	G12501A	allele	3182	91.8	100.	100.	3182	91.8	100.	0	0.00	0.00	91.8
mtNG_077	C12705T	allele	852	92.9	100.	100.	852	92.9	100.	0	0.00	0.00	92.9
mtNG_083	A13780G	allele	1169	57.3	100.	100.	1169	57.3	100.	0	0.00	0.00	57.3
mtNG_083	A13696C	allele	216	10.6	18.5	100.	216	10.6	18.5	0	0.00	0.00	10.6
mtNG_083	A13780G	allele	216	10.6	18.5	100.	216	10.6	18.5	0	0.00	0.00	10.6
mtNG_089	C14766T	allele	2359	92.2	100.	100.	2359	92.2	100.	0	0.00	0.00	92.2
mtNG_090	G15043A	allele	1423	93.0	100.	100.	1423	93.0	100.	0	0.00	0.00	93.0
mtNG_092	A15326G	allele	2625	92.3	100.	100.	2625	92.3	100.	0	0.00	0.00	92.3
mtNG_096	A15924G	allele	2248	90.3	100.	100.	2248	90.3	100.	0	0.00	0.00	90.3
mtNG_096	T16093C	allele	2248	90.3	100.	100.	2248	90.3	100.	0	0.00	0.00	90.3
mtNG_097	G16129A	allele	938	93.1	100.	100.	938	93.1	100.	0	0.00	0.00	93.1
mtNG_097	C16223T	allele	938	93.1	100.	100.	938	93.1	100.	0	0.00	0.00	93.1
mtNG_098	C16223T	allele	2952	92.7	100.	100.	2952	92.7	100.	0	0.00	0.00	92.7
mtNG_098	G16391A	allele	2952	92.7	100.	100.	2952	92.7	100.	0	0.00	0.00	92.7
mtNG_099	G16391A	allele	1202	94.9	100.	100.	1202	94.9	100.	0	0.00	0.00	94.9
mtNG_099	T16519C	allele	1202	94.9	100.	100.	1202	94.9	100.	0	0.00	0.00	94.9
