sequence	total_variant_reads	total_mp_sum	estimated_total_coverage	num_markers	variant_frequency
A73G	528	96.2	548.8565488565488	1	96.2
T199C	1571	96.3	1631.3603322949118	1	96.3
T204C	1571	96.3	1631.3603322949118	1	96.3
T250C	1571	96.3	1631.3603322949118	1	96.3
A263G	1614	185.89999999999998	1679.3514037234831	2	96.11
309.1C	43	89.6	47.99107142857143	1	89.6
315.1C	43	89.6	47.99107142857143	1	89.6
573.1C	48	59.9	160.2675779505048	1	29.95
573.2C	48	59.9	160.2675779505048	1	29.95
573.3C	48	59.9	160.2675779505048	1	29.95
573.4C	23	28.7	80.13937282229966	1	28.7
A574C	10	12.5	80.0	1	12.5
575.1C	10	12.5	80.0	1	12.5
575.2C	10	12.5	80.0	1	12.5
575.3C	10	12.5	80.0	1	12.5
575.4C	10	12.5	80.0	1	12.5
A750G	58	72.4	240.2675779505048	1	24.14
A1438G	2571	190.3	2704.494444076259	2	95.06
G1719A	4012	94.1	4263.549415515409	1	94.1
A2706G	2194	94.9	2311.9072708113804	1	94.9
A3447C	31	11.4	271.9298245614035	1	11.4
A4529T	4260	188.10000000000002	4541.7318615125805	2	93.8
A4769G	1030	91.8	1122.004357298475	1	91.8
A6419C	302	11.5	2626.086956521739	1	11.5
C7028T	2986	93.8	3183.368869936034	1	93.8
G8251A	1492	92.9	1606.0279870828847	1	92.9
G8519A	3655	94.1	3884.1657810839533	1	94.1
A8860G	1845	90.2	2045.4545454545455	1	90.2
T10034C	1009	94.2	1071.1252653927813	1	94.2
T10238C	5803	185.7	6250.250550980165	2	92.84
A10398G	2938	92.5	3176.2162162162163	1	92.5
A10819G	1315	93.0	1413.978494623656	1	93.0
G11719A	1680	95.0	1768.421052631579	1	95.0
G12501A	3182	91.8	3466.2309368191723	1	91.8
C12705T	852	92.9	917.1151776103336	1	92.9
A13696C	216	10.6	2037.735849056604	1	10.6
A13780G	1385	67.89999999999999	4077.8754651124505	1	33.96
C14766T	2359	92.2	2558.5683297180044	1	92.2
G15043A	1423	93.0	1530.1075268817203	1	93.0
A15326G	2625	92.3	2843.986998916577	1	92.3
A15924G	2248	90.3	2489.479512735327	1	90.3
T16093C	2248	90.3	2489.479512735327	1	90.3
G16129A	938	93.1	1007.5187969924813	1	93.1
C16223T	3890	185.8	4191.984816409957	2	92.8
G16391A	4154	187.60000000000002	4451.062436698825	2	93.33
T16519C	1202	94.9	1266.5964172813487	1	94.9
