sequence	total	estimated_total_coverage	is_noise_or_low	clean_marker_total_wo_OS_THR	num_markers	variant_frequency	variant_frequency_wo_OS_THR
T152C	1907	1967	False	1907	2	96.9	100.0
A263G	1605	1726	False	1605	2	93.0	100.0
-309.1C	475	554	False	475	1	85.7	100.0
-309.2C	64	552	False	475	1	11.6	13.5
-315.1C	475	554	False	475	1	85.7	100.0
C456Y	1560	1761	False	1560	1	88.6	100.0
A523-	1560	1761	False	1560	1	88.6	100.0
C524-	1560	1761	False	1560	1	88.6	100.0
T710C	3520	3737	False	3520	1	94.2	100.0
A750G	3520	3737	False	3520	1	94.2	100.0
A1438G	2565	2764	False	2565	2	92.8	100.0
A3447M	35	245	False	73	1	14.3	47.9
T4336C	3464	3729	False	3464	1	92.9	100.0
A4769R	1102	1224	False	1102	1	90.0	100.0
A6419M	215	2181	False	2012	1	9.9	10.7
C7469Y	915	3315	False	3070	1	27.6	29.8
A8860R	1476	1618	False	1476	1	91.2	100.0
G10310A	2049	2189	False	2049	1	93.6	100.0
T14422Y	203	1390	False	1287	1	14.6	15.8
A15326G	2452	2642	False	2452	1	92.8	100.0
C15833T	2229	2336	False	2229	1	95.4	100.0
T16304C	2800	2988	False	2800	1	93.7	100.0
