sequence	total_variant_reads	total_mp_sum	estimated_total_coverage	num_markers	variant_frequency
A263G	2281	171.9	2958.6446400852055	2	77.1
309.1C	360	77.0	934.4086021505377	1	38.53
309.2C	290	62.0	467.741935483871	1	62.0
315.1C	360	77.0	934.4086021505377	1	38.53
498.1C	342	74.3	460.29609690444147	1	74.3
A750G	3232	90.3	3579.1805094130673	1	90.3
A1438G	2209	167.4	2553.632546512781	2	86.5
A2706G	917	90.7	1011.0253583241455	1	90.7
C4456T	27	45.8	58.951965065502186	1	45.8
G4580A	354	91.2	388.1578947368421	1	91.2
T4639C	354	91.2	388.1578947368421	1	91.2
A4769G	262	85.6	306.0747663551402	1	85.6
G6023A	144	9.26	1555.0755939524838	1	9.26
T6908C	631	84.0	751.1904761904763	1	84.0
C7028T	2249	93.4	2407.922912205567	1	93.4
A8860G	1013	87.3	1160.3665521191294	1	87.3
A8869G	1013	87.3	1160.3665521191294	1	87.3
A10771G	1003	185.7	1068.2792392401684	2	93.89
A15326G	1948	93.5	2083.422459893048	1	93.5
C15904T	1285	184.0	1396.7391304347825	2	92.0
C16111T	631	91.6	688.8646288209608	1	91.6
T16298C	2546	92.5	2752.4324324324325	1	92.5
G16390A	2985	181.5	3245.6908593987246	2	91.97
T16519C	439	89.0	493.2584269662921	1	89.0
