marker	sequence	flags	total	total_mp_sum	total_mp_max	forward_pct	forward	forward_mp_sum	forward_mp_max	reverse	reverse_mp_sum	reverse_mp_max	is_noise_or_low	clean_marker_total	variant_frequency	estimated_total_coverage
mtNG_001	A73G	allele	615	92.2	100.	100.	615	92.2	100.	0	0.00	0.00	False	615.0	100.0	667.0281995661605
mtNG_001	G143A	allele	615	92.2	100.	100.	615	92.2	100.	0	0.00	0.00	False	615.0	100.0	667.0281995661605
mtNG_001	T146C	allele	615	92.2	100.	100.	615	92.2	100.	0	0.00	0.00	False	615.0	100.0	667.0281995661605
mtNG_001	T152C	allele	615	92.2	100.	100.	615	92.2	100.	0	0.00	0.00	False	615.0	100.0	667.0281995661605
mtNG_002	G143A	allele	8262	93.6	100.	100.	8262	93.6	100.	0	0.00	0.00	False	8262.0	100.0	8826.923076923078
mtNG_002	T146C	allele	8262	93.6	100.	100.	8262	93.6	100.	0	0.00	0.00	False	8262.0	100.0	8826.923076923078
mtNG_002	T152C	allele	8262	93.6	100.	100.	8262	93.6	100.	0	0.00	0.00	False	8262.0	100.0	8826.923076923078
mtNG_002	T195C	allele	8262	93.6	100.	100.	8262	93.6	100.	0	0.00	0.00	False	8262.0	100.0	8826.923076923078
mtNG_002	A263G	allele	8262	93.6	100.	100.	8262	93.6	100.	0	0.00	0.00	False	8262.0	100.0	8826.923076923078
mtNG_003	A263G	allele	1134	84.8	100.	100.	1134	84.8	100.	0	0.00	0.00	False	1134.0	100.0	1337.2641509433963
mtNG_003	315.1C	allele	1134	84.8	100.	100.	1134	84.8	100.	0	0.00	0.00	False	1134.0	100.0	1337.2641509433963
mtNG_006	A750G	allele	4843	91.0	100.	100.	4843	91.0	100.	0	0.00	0.00	False	4843.0	100.0	5321.978021978021
mtNG_007	G769A	allele	319	92.2	100.	100.	319	92.2	100.	0	0.00	0.00	False	319.0	100.0	345.9869848156182
mtNG_008	G1018A	allele	5281	92.2	100.	100.	5281	92.2	100.	0	0.00	0.00	False	5281.0	100.0	5727.7657266811275
mtNG_010	A1438G	allele	6803	93.0	100.	100.	6803	93.0	100.	0	0.00	0.00	False	6803.0	100.0	7315.05376344086
mtNG_011	A1438G	allele	691	93.6	100.	100.	691	93.6	100.	0	0.00	0.00	False	691.0	100.0	738.2478632478633
mtNG_017	T2416C	allele	870	92.4	100.	100.	870	92.4	100.	0	0.00	0.00	False	870.0	100.0	941.5584415584415
mtNG_019	A2706G	allele	1323	90.8	100.	100.	1323	90.8	100.	0	0.00	0.00	False	1323.0	100.0	1457.04845814978
mtNG_020	C2789T	allele	10025	92.5	100.	100.	10025	92.5	100.	0	0.00	0.00	False	10025.0	100.0	10837.837837837837
mtNG_022	N3107DEL	allele	6208	92.5	100.	100.	6208	92.5	100.	0	0.00	0.00	False	6208.0	100.0	6711.351351351351
mtNG_022	A3221G	allele	6208	92.5	100.	100.	6208	92.5	100.	0	0.00	0.00	False	6208.0	100.0	6711.351351351351
mtNG_024	C3594T	allele	8117	85.5	100.	100.	8117	85.5	100.	0	0.00	0.00	False	8117.0	100.0	9493.56725146199
mtNG_027	A4104G	allele	934	91.5	100.	100.	934	91.5	100.	0	0.00	0.00	False	934.0	100.0	1020.7650273224043
mtNG_031	A4769G	allele	464	89.9	100.	100.	464	89.9	100.	0	0.00	0.00	False	464.0	100.0	516.1290322580645
mtNG_033	C5135T	allele	574	92.0	100.	100.	574	92.0	100.	0	0.00	0.00	False	574.0	100.0	623.9130434782609
mtNG_044	C7028T	allele	10220	91.6	100.	100.	10220	91.6	100.	0	0.00	0.00	False	10220.0	100.0	11157.205240174673
mtNG_045	T7175C	allele	1016	92.4	100.	100.	1016	92.4	100.	0	0.00	0.00	False	1016.0	100.0	1099.5670995670996
mtNG_045	C7256T	allele	1016	92.4	100.	100.	1016	92.4	100.	0	0.00	0.00	False	1016.0	100.0	1099.5670995670996
mtNG_045	C7274T	allele	1016	92.4	100.	100.	1016	92.4	100.	0	0.00	0.00	False	1016.0	100.0	1099.5670995670996
mtNG_047	G7521A	allele	997	93.4	100.	100.	997	93.4	100.	0	0.00	0.00	False	997.0	100.0	1067.4518201284795
mtNG_048	A7771G	allele	6754	91.9	100.	100.	6754	91.9	100.	0	0.00	0.00	False	6754.0	100.0	7349.292709466811
mtNG_051	G8206A	allele	517	93.8	100.	100.	517	93.8	100.	0	0.00	0.00	False	517.0	100.0	551.1727078891258
mtNG_053	A8701G	allele	769	93.1	100.	100.	769	93.1	100.	0	0.00	0.00	False	769.0	100.0	825.9935553168636
mtNG_054	A8701G	allele	5233	91.5	100.	100.	5233	91.5	100.	0	0.00	0.00	False	5233.0	100.0	5719.125683060109
mtNG_054	A8860G	allele	5233	91.5	100.	100.	5233	91.5	100.	0	0.00	0.00	False	5233.0	100.0	5719.125683060109
mtNG_056	A9221G	allele	3317	91.4	100.	100.	3317	91.4	100.	0	0.00	0.00	False	3317.0	100.0	3629.1028446389496
mtNG_057	A9221G	allele	1003	90.7	100.	100.	1003	90.7	100.	0	0.00	0.00	False	1003.0	100.0	1105.843439911797
mtNG_058	T9540C	allele	8459	89.8	100.	100.	8459	89.8	100.	0	0.00	0.00	False	8459.0	100.0	9419.821826280624
mtNG_059	T9540C	allele	1524	89.1	100.	100.	1524	89.1	100.	0	0.00	0.00	False	1524.0	100.0	1710.4377104377106
mtNG_061	G9947A	allele	787	92.7	100.	100.	787	92.7	100.	0	0.00	0.00	False	787.0	100.0	848.975188781014
mtNG_062	T10115C	allele	6610	91.2	100.	100.	6610	91.2	100.	0	0.00	0.00	False	6610.0	100.0	7247.80701754386
mtNG_063	T10389C	allele	859	90.6	100.	100.	859	90.6	100.	0	0.00	0.00	False	859.0	100.0	948.1236203090508
mtNG_063	A10398G	allele	859	90.6	100.	100.	859	90.6	100.	0	0.00	0.00	False	859.0	100.0	948.1236203090508
mtNG_066	T10873C	allele	1542	93.1	100.	100.	1542	93.1	100.	0	0.00	0.00	False	1542.0	100.0	1656.2835660580022
mtNG_067	G11016A	allele	979	87.3	100.	100.	979	87.3	100.	0	0.00	0.00	False	979.0	100.0	1121.4203894616267
mtNG_071	G11719A	allele	855	90.0	100.	100.	855	90.0	100.	0	0.00	0.00	False	855.0	100.0	950.0
mtNG_072	G11914A	allele	13062	91.4	100.	100.	13062	91.4	100.	0	0.00	0.00	False	13062.0	100.0	14291.028446389497
mtNG_072	T11944C	allele	13062	91.4	100.	100.	13062	91.4	100.	0	0.00	0.00	False	13062.0	100.0	14291.028446389497
mtNG_077	A12693G	allele	547	93.8	100.	100.	547	93.8	100.	0	0.00	0.00	False	547.0	100.0	583.1556503198294
mtNG_077	C12705T	allele	547	93.8	100.	100.	547	93.8	100.	0	0.00	0.00	False	547.0	100.0	583.1556503198294
mtNG_077	A12715G	allele	547	93.8	100.	100.	547	93.8	100.	0	0.00	0.00	False	547.0	100.0	583.1556503198294
mtNG_082	G13590A	allele	12657	92.6	100.	100.	12657	92.6	100.	0	0.00	0.00	False	12657.0	100.0	13668.466522678187
mtNG_082	C13650T	allele	12657	92.6	100.	100.	12657	92.6	100.	0	0.00	0.00	False	12657.0	100.0	13668.466522678187
mtNG_083	C13650T	allele	2587	86.8	100.	100.	2587	86.8	100.	0	0.00	0.00	False	2587.0	100.0	2980.4147465437786
mtNG_083	A13803G	allele	2587	86.8	100.	100.	2587	86.8	100.	0	0.00	0.00	False	2587.0	100.0	2980.4147465437786
mtNG_088	A14566G	allele	5639	91.9	100.	100.	5639	91.9	100.	0	0.00	0.00	False	5639.0	100.0	6136.017410228509
mtNG_089	C14766T	allele	1104	89.8	100.	100.	1104	89.8	100.	0	0.00	0.00	False	1104.0	100.0	1229.3986636971047
mtNG_092	G15301A	allele	7225	92.1	100.	100.	7225	92.1	100.	0	0.00	0.00	False	7225.0	100.0	7844.733984799132
mtNG_092	A15326G	allele	7225	92.1	100.	100.	7225	92.1	100.	0	0.00	0.00	False	7225.0	100.0	7844.733984799132
mtNG_095	T15784C	allele	977	92.3	100.	100.	977	92.3	100.	0	0.00	0.00	False	977.0	100.0	1058.5048754062839
mtNG_097	T16189C		19	82.6	100.	100.	19	82.6	100.	0	0.00	0.00	False	19.0	100.0	23.002421307506054
mtNG_097	C16192T		19	82.6	100.	100.	19	82.6	100.	0	0.00	0.00	False	19.0	100.0	23.002421307506054
mtNG_097	C16223T		19	82.6	100.	100.	19	82.6	100.	0	0.00	0.00	False	19.0	100.0	23.002421307506054
mtNG_098	C16223T	allele	5138	90.3	100.	100.	5138	90.3	100.	0	0.00	0.00	False	5138.0	100.0	5689.922480620155
mtNG_098	C16278T	allele	5138	90.3	100.	100.	5138	90.3	100.	0	0.00	0.00	False	5138.0	100.0	5689.922480620155
mtNG_098	C16294T	allele	5138	90.3	100.	100.	5138	90.3	100.	0	0.00	0.00	False	5138.0	100.0	5689.922480620155
mtNG_098	A16309G	allele	5138	90.3	100.	100.	5138	90.3	100.	0	0.00	0.00	False	5138.0	100.0	5689.922480620155
mtNG_098	G16390A	allele	5138	90.3	100.	100.	5138	90.3	100.	0	0.00	0.00	False	5138.0	100.0	5689.922480620155
mtNG_099	G16390A	allele	843	89.5	100.	100.	843	89.5	100.	0	0.00	0.00	False	843.0	100.0	941.8994413407821
