sequence	total_variant_reads	total_mp_sum	estimated_total_coverage	num_markers	variant_frequency
A73G	615	92.2	667.0281995661605	1	92.2
G143A	8877	185.8	9493.951276489239	2	93.5
T146C	8877	185.8	9493.951276489239	2	93.5
T152C	8877	185.8	9493.951276489239	2	93.5
T195C	8262	93.6	8826.923076923078	1	93.6
A263G	9396	178.39999999999998	10164.187227866474	2	92.44
315.1C	1134	84.8	1337.2641509433963	1	84.8
A750G	4843	91.0	5321.978021978021	1	91.0
G769A	319	92.2	345.9869848156182	1	92.2
G1018A	5281	92.2	5727.7657266811275	1	92.2
A1438G	7494	186.6	8053.301626688723	2	93.06
T2416C	870	92.4	941.5584415584415	1	92.4
A2706G	1323	90.8	1457.04845814978	1	90.8
C2789T	10025	92.5	10837.837837837837	1	92.5
N3107DEL	6208	92.5	6711.351351351351	1	92.5
A3221G	6208	92.5	6711.351351351351	1	92.5
C3594T	8117	85.5	9493.56725146199	1	85.5
A4104G	934	91.5	1020.7650273224043	1	91.5
A4769G	464	89.9	516.1290322580645	1	89.9
C5135T	574	92.0	623.9130434782609	1	92.0
C7028T	10220	91.6	11157.205240174673	1	91.6
T7175C	1016	92.4	1099.5670995670996	1	92.4
C7256T	1016	92.4	1099.5670995670996	1	92.4
C7274T	1016	92.4	1099.5670995670996	1	92.4
G7521A	997	93.4	1067.4518201284795	1	93.4
A7771G	6754	91.9	7349.292709466811	1	91.9
G8206A	517	93.8	551.1727078891258	1	93.8
A8701G	6002	184.6	6545.119238376972	2	91.7
A8860G	5233	91.5	5719.125683060109	1	91.5
A9221G	4320	182.10000000000002	4734.946284550747	2	91.24
T9540C	9983	178.89999999999998	11130.259536718335	2	89.69
G9947A	787	92.7	848.975188781014	1	92.7
T10115C	6610	91.2	7247.80701754386	1	91.2
T10389C	859	90.6	948.1236203090508	1	90.6
A10398G	859	90.6	948.1236203090508	1	90.6
T10873C	1542	93.1	1656.2835660580022	1	93.1
G11016A	979	87.3	1121.4203894616267	1	87.3
G11719A	855	90.0	950.0	1	90.0
G11914A	13062	91.4	14291.028446389497	1	91.4
T11944C	13062	91.4	14291.028446389497	1	91.4
A12693G	547	93.8	583.1556503198294	1	93.8
C12705T	547	93.8	583.1556503198294	1	93.8
A12715G	547	93.8	583.1556503198294	1	93.8
G13590A	12657	92.6	13668.466522678187	1	92.6
C13650T	15244	179.39999999999998	16648.881269221965	2	91.56
A13803G	2587	86.8	2980.4147465437786	1	86.8
A14566G	5639	91.9	6136.017410228509	1	91.9
C14766T	1104	89.8	1229.3986636971047	1	89.8
G15301A	7225	92.1	7844.733984799132	1	92.1
A15326G	7225	92.1	7844.733984799132	1	92.1
T15784C	977	92.3	1058.5048754062839	1	92.3
T16189C	19	82.6	23.002421307506054	1	82.6
C16192T	19	82.6	23.002421307506054	1	82.6
C16223T	5157	172.89999999999998	5712.92490192766	2	90.27
C16278T	5138	90.3	5689.922480620155	1	90.3
C16294T	5138	90.3	5689.922480620155	1	90.3
A16309G	5138	90.3	5689.922480620155	1	90.3
G16390A	5981	179.8	6631.821921960936	2	90.19
